1
222 19032
92 216
40 203
171 196
56 5
210 19
180 111
82 194
10 120
11 27
28 170
111 158
216 157
67 129
100 198
64 130
65 43
138 150
63 176
211 108
212 113
143 13
122 76
26 83
194 82
119 154
182 217
212 151
128 181
90 193
132 96
141 118
120 147
85 79
22 56
191 161
166 176
139 111
76 222
26 71
26 65
104 199
114 197
69 183
111 41
111 3
51 171
205 167
82 133
21 90
18 46
213 15
208 198
83 197
166 183
96 125
200 218
195 65
175 133
87 9
215 6
102 125
199 36
181 47
128 62
127 135
70 126
119 108
148 154
94 44
120 92
123 216
179 110
187 141
188 15
154 86
212 211
26 50
222 150
81 206
67 126
151 139
190 145
151 24
187 178
4 5
196 150
222 197
173 68
89 202
222 124
30 60
174 192
218 31
184 199
158 110
154 61
20 172
196 180
34 125
54 38
206 185
123 93
26 186
148 5
25 101
6 182
185 60
148 20
189 176
143 22
7 69
87 189
8 117
101 191
146 104
191 46
191 26
125 53
155 135
36 50
221 215
142 135
181 16
147 172
213 144
18 152
73 104
88 96
66 81
165 167
69 161
45 100
76 140
95 86
64 24
155 71
24 216
214 30
121 190
103 190
53 128
147 103
82 202
130 2
158 89
85 189
38 131
3 106
12 40
31 198
119 156
18 95
96 144
10 190
38 184
193 22
174 186
111 54
2 37
208 50
7 115
40 139
187 100
147 116
140 10
212 182
83 198
77 39
31 84
92 66
4 170
122 103
25 126
17 62
201 199
125 192
218 127
114 142
55 31
192 171
26 180
75 59
37 58
68 113
18 113
99 73
157 82
201 142
151 124
167 218
195 176
40 117
63 184
58 26
135 95
161 173
29 8
175 14
73 39
161 74
36 221
144 205
208 143
136 40
141 97
56 220
12 55
112 202
4 92
68 27
123 131
155 56
18 212
1 184
22 101
55 54
131 148
201 144
11 211
11 200
33 107
120 57
89 102
222 43
62 100
89 60
125 11
27 66
153 112
74 134
1 195
143 125
83 26
126 38
81 220
108 222
109 218
210 212
88 38
136 9
222 75
202 60
110 129
97 25
216 65
107 184
26 49
13 65
130 150
169 31
18 108
40 217
153 145
124 126
20 15
87 145
27 152
121 15
208 15
129 67
113 27
142 5
73 88
77 115
132 44
71 202
83 136
55 62
107 37
10 146
73 143
39 10
126 122
91 194
23 148
221 135
208 217
167 204
77 158
142 92
73 126
22 156
123 80
12 22
6 164
53 90
8 189
136 159
9 219
50 99
125 205
103 14
122 2
220 136
61 138
63 173
86 91
206 12
59 149
215 71
207 148
11 146
119 149
141 82
36 96
42 67
202 95
37 199
192 132
119 92
41 7
4 73
183 195
55 222
101 43
185 101
208 145
147 15
50 184
6 222
168 115
57 81
68 50
84 150
64 121
177 208
65 170
14 18
46 19
88 124
109 32
163 17
167 104
216 87
98 118
181 214
180 81
80 11
45 107
1 56
176 221
67 188
143 46
52 148
102 208
12 68
94 143
112 55
168 43
87 79
8 221
1 99
83 170
42 174
138 156
180 119
10 206
47 99
103 163
1 69
168 157
86 129
52 62
218 212
29 58
69 41
46 4
140 55
123 111
36 91
29 96
121 169
110 214
65 155
168 63
41 18
194 217
73 85
130 11
188 152
219 67
83 72
153 126
97 107
26 4
15 128
52 163
217 145
119 185
7 83
79 160
131 2
189 115
177 170
181 197
37 7
138 4
156 120
6 135
6 50
67 85
184 8
217 156
188 173
220 119
75 57
32 100
145 108
97 78
179 50
98 59
193 221
57 138
176 153
68 106
66 205
52 117
17 218
163 221
110 61
136 41
10 124
208 183
61 193
67 179
198 56
204 131
192 131
65 90
170 216
122 1
99 90
109 32
50 36
147 19
124 80
70 69
203 37
159 130
145 57
205 109
12 174
219 160
128 79
67 24
190 165
162 1
47 108
124 148
32 127
188 13
217 144
104 162
203 21
34 9
149 162
157 220
208 196
49 177
91 177
125 92
170 204
188 107
42 121
198 60
217 118
212 220
162 180
191 53
29 197
23 15
22 86
216 113
174 6
189 14
26 219
82 121
162 15
103 222
211 207
100 180
72 111
9 97
144 9
184 66
7 146
158 87
186 33
134 64
18 162
123 10
109 191
137 163
101 165
129 12
69 87
122 212
207 53
87 2
121 77
5 43
101 143
44 164
89 143
181 195
184 9
36 144
29 17
157 168
169 11
163 168
79 183
114 56
146 143
93 151
219 103
59 146
213 118
128 14
115 199
104 23
107 178
50 10
70 27
56 74
160 207
121 194
168 114
139 136
217 36
58 176
118 18
129 165
192 30
5 164
155 78
81 220
172 111
95 94
140 170
9 115
29 65
62 22
71 10
20 72
129 28
99 131
108 41
143 162
104 81
125 35
36 144
218 165
145 195
9 75
44 110
66 196
206 8
149 214
213 184
93 141
129 46
130 203
221 34
41 12
129 152
77 40
173 124
109 27
43 144
197 159
167 97
143 190
201 195
131 94
47 19
68 57
60 123
74 142
79 114
33 85
218 105
27 174
85 33
162 138
23 219
212 134
220 76
203 82
20 112
140 86
106 186
23 40
24 98
62 220
217 216
139 151
127 165
13 19
205 174
185 107
13 46
12 39
27 20
135 77
117 133
5 126
32 155
52 127
118 53
153 49
107 141
113 68
87 92
135 187
27 14
143 209
166 220
62 42
192 194
175 84
160 145
131 54
81 73
210 162
16 190
56 91
32 144
171 156
129 193
121 136
118 176
5 95
184 42
203 82
171 8
151 208
210 187
208 138
28 171
196 82
34 14
78 43
44 147
40 111
56 107
100 117
50 34
121 7
105 1
208 198
33 52
160 220
154 219
190 118
14 1
29 111
70 47
8 205
92 89
205 172
97 72
17 186
86 85
154 103
73 156
191 206
212 113
166 130
75 221
126 162
90 192
75 67
214 176
10 198
169 188
194 168
133 71
137 209
39 23
144 65
179 203
113 40
15 185
63 216
140 3
161 119
114 148
181 211
47 142
202 222
186 82
19 157
81 168
151 142
113 10
53 193
117 115
112 80
95 147
174 189
8 126
90 14
78 151
184 62
80 128
163 7
167 76
206 148
131 54
13 17
66 98
1 211
56 142
66 137
206 138
199 23
10 41
194 47
141 202
92 52
28 195
36 104
157 166
67 109
163 137
108 65
124 148
146 163
137 156
26 64
20 148
176 150
80 207
125 86
73 192
213 207
201 59
59 76
90 109
96 72
140 157
136 14
209 33
156 105
161 34
83 193
42 199
220 41
211 215
21 113
85 77
22 195
178 53
43 113
68 192
187 171
110 12
197 213
209 200
214 142
154 25
94 40
18 170
115 222
111 127
142 38
188 49
130 103
8 165
109 220
189 89
134 91
200 66
187 219
180 173
205 26
192 103
123 94
119 189
81 17
185 139
41 146
178 170
36 12
214 62
7 17
15 184
78 99
197 209
119 101
66 64
6 194
19 168
128 188
36 23
210 118
86 220
84 77
88 84
11 70
177 52
221 215
121 39
198 188
62 43
158 184
31 2
196 37
98 101
142 203
14 168
189 147
160 184
16 177
157 197
29 21
108 50
79 97
10 173
106 98
140 106
11 1
149 172
84 139
195 103
96 129
75 13
18 37
78 130
4 185
191 36
132 160
53 96
30 118
163 46
117 130
75 40
39 204
113 155
29 213
216 10
103 193
130 151
134 164
161 2
66 172
5 104
40 83
164 183
95 92
140 27
1 85
72 43
162 164
19 218
171 84
117 96
170 14
142 130
119 133
158 186
205 185
217 68
154 218
175 83
27 89
114 128
43 32
20 115
152 11
58 87
57 214
135 71
44 218
40 208
70 7
52 111
39 181
184 34
218 47
127 61
120 70
87 194
211 37
13 129
44 131
100 126
74 110
222 92
95 25
208 6
121 169
146 51
41 126
108 51
44 116
85 209
40 48
113 111
2 112
216 177
157 94
191 167
210 96
110 38
146 131
207 145
63 131
55 201
25 14
38 137
14 215
138 78
217 12
191 77
74 185
127 205
216 191
120 74
130 1
138 115
150 222
220 139
222 138
57 59
124 191
5 191
213 150
125 37
144 93
208 51
95 106
165 61
123 29
7 150
146 121
146 66
10 120
118 37
186 10
34 116
65 124
110 129
104 218
191 14
1 24
18 129
156 216
18 191
43 70
139 190
171 123
135 124
89 75
46 109
82 139
183 29
5 196
128 203
75 125
30 5
86 163
118 206
5 4
15 127
40 63
191 153
44 208
190 24
203 66
206 117
196 46
48 201
86 55
135 179
81 92
174 102
67 186
24 218
152 119
12 189
140 52
82 187
118 104
34 105
75 181
75 205
92 208
123 115
99 178
91 207
67 157
146 103
189 152
88 181
60 149
168 6
97 175
208 149
201 130
109 81
17 95
44 208
217 27
64 115
180 56
124 207
38 199
222 36
171 220
217 171
97 46
134 52
69 172
39 13
1 195
23 84
55 5
33 2
83 84
57 203
38 133
28 179
212 94
37 81
196 179
146 6
222 128
99 10
1 209
160 37
131 214
103 181
135 117
95 145
71 113
201 141
56 184
176 140
151 110
112 116
209 50
109 211
218 204
71 86
136 168
42 26
15 29
35 37
222 101
202 221
219 125
5 157
100 69
136 21
119 33
190 191
216 162
5 8
180 99
180 60
23 163
155 193
71 134
91 157
12 25
69 216
212 1
10 204
166 199
54 183
148 144
120 55
19 1
124 170
104 129
152 211
152 113
44 217
138 147
65 137
107 138
25 34
168 108
61 43
3 49
52 136
141 201
199 137
43 2
53 145
200 218
83 27
41 61
98 137
67 107
54 195
112 204
176 14
183 165
52 203
103 115
217 177
180 162
105 86
140 174
23 115
12 184
176 83
63 11
107 9
34 177
183 199
152 68
37 133
120 211
103 214
162 38
80 222
192 45
187 178
202 34
175 80
53 36
155 187
73 105
11 216
163 35
104 85
139 82
45 2
185 74
49 162
49 200
119 147
5 207
120 174
161 95
37 96
3 142
163 205
44 48
154 43
67 176
187 216
25 1
213 141
129 149
174 110
42 104
110 207
16 82
52 63
45 159
30 37
9 174
37 32
23 115
52 178
96 197
136 193
51 15
27 1
70 183
198 18
206 207
82 219
215 126
49 125
201 61
206 118
166 177
221 72
67 115
24 27
132 33
151 116
142 45
54 62
114 143
92 65
144 207
30 41
80 162
3 19
12 134
90 101
58 145
102 80
106 137
106 152
159 210
181 129
6 167
111 95
125 165
135 85
57 176
203 71
15 29
199 122
72 22
10 46
31 9
121 168
110 137
56 113
199 208
36 182
34 116
37 207
14 126
153 145
130 163
202 79
158 157
191 5
205 215
156 69
221 138
189 202
89 147
22 80
119 173
108 79
70 163
117 76
60 24
31 214
31 169
75 114
135 1
149 175
86 82
72 137
163 78
134 173
93 175
119 213
21 149
32 138
199 142
79 153
164 77
149 34
218 14
205 67
78 79
70 44
202 140
1 7
128 117
87 77
71 172
157 110
187 144
85 37
92 162
175 14
132 169
110 88
220 102
190 69
28 49
146 26
141 138
40 189
177 109
147 201
213 65
136 28
130 112
70 1
193 10
18 192
61 181
179 16
130 192
152 132
86 48
40 133
24 28
176 139
160 29
107 12
102 32
111 189
212 203
63 4
86 98
191 137
137 91
178 14
80 99
55 62
8 75
52 150
158 114
61 56
51 53
178 117
30 166
83 211
52 209
1 169
154 51
80 105
203 160
202 27
54 84
210 205
147 136
5 219
110 1
150 147
140 56
175 94
140 171
104 24
152 190
128 178
9 54
42 98
139 5
95 116
123 95
20 56
116 131
84 37
177 116
147 205
95 124
165 35
161 153
192 12
100 56
99 4
114 6
210 179
91 5
64 133
184 94
16 53
121 175
168 90
173 197
2 193
145 188
19 4
63 143
40 202
109 199
150 119
46 177
161 106
127 66
143 3
165 152
13 196
134 54
186 167
145 82
85 58
38 40
79 24
80 205
79 17
216 168
211 137
181 172
162 39
82 88
89 217
13 93
71 209
166 30
206 182
13 83
63 177
83 147
97 47
172 222
221 27
15 32
129 20
124 147
121 32
79 62
100 75
161 49
49 179
210 182
158 59
183 123
217 30
164 186
77 217
151 134
57 174
181 180
79 124
190 29
190 152
63 148
11 141
44 34
38 155
138 222
107 46
209 191
215 148
113 93
218 156
118 180
135 67
221 49
16 105
120 73
162 109
14 129
188 164
175 42
116 203
23 115
56 164
187 134
167 3
198 119
44 33
46 181
21 191
23 156
112 188
167 164
74 100
9 183
17 64
74 172
2 126
92 127
157 108
111 50
38 105
57 58
197 123
116 39
2 29
127 66
9 126
213 143
187 179
52 12
190 109
81 138
221 154
219 138
75 39
106 46
136 13
94 20
30 13
47 144
31 220
25 139
159 80
89 4
149 213
193 126
201 4
186 100
128 12
158 96
147 148
79 163
2 111
134 147
40 99
100 46
117 121
114 144
89 90
113 1
106 82
70 113
186 80
29 128
133 192
198 136
39 59
89 195
78 98
104 29
83 84
186 12
12 197
22 56
20 13
119 165
144 11
58 179
107 115
96 54
29 175
194 140
170 124
102 21
103 208
192 137
150 185
88 204
112 187
170 161
145 187
85 214
15 58
158 220
96 139
167 14
1 71
74 167
147 42
4 47
91 76
178 147
201 51
102 91
54 46
155 154
16 179
204 79
85 42
49 81
56 36
195 30
63 112
56 150
47 60
120 218
56 23
167 202
1 10
207 110
89 8
32 173
72 222
32 23
128 151
112 222
86 180
6 76
89 121
2 58
142 188
137 166
13 203
75 111
12 45
110 95
22 149
36 51
110 156
91 110
198 92
218 1
201 125
2 60
36 5
99 180
8 139
96 192
140 10
194 102
133 159
59 208
156 188
49 44
12 169
163 218
70 198
219 135
162 71
3 98
218 101
126 133
107 63
103 37
135 117
19 102
179 185
68 121
203 27
111 46
74 155
203 131
184 21
36 126
169 201
157 159
143 214
153 92
123 154
1 96
40 5
205 2
80 33
135 76
218 194
99 48
2 209
184 83
196 214
189 138
181 157
141 46
10 142
39 6
68 47
192 195
21 55
185 61
4 103
209 125
102 19
189 14
145 147
34 113
97 66
87 210
142 171
153 117
186 214
46 168
13 71
211 18
198 59
26 113
211 203
89 139
130 141
115 68
154 137
111 142
101 70
56 170
63 73
66 13
34 183
57 214
134 181
45 154
99 58
77 212
34 127
61 118
32 73
133 31
121 125
200 152
221 58
91 190
219 144
214 201
55 180
191 52
78 134
26 125
29 221
39 111
90 65
26 42
161 57
57 136
140 177
70 125
166 18
62 216
30 145
44 198
222 127
133 153
22 214
115 207
70 207
7 45
154 155
183 190
111 144
26 152
188 89
58 109
113 54
130 16
192 8
26 148
140 62
219 45
25 76
167 64
82 68
178 27
171 209
127 205
85 28
106 116
158 38
129 91
183 85
48 196
169 37
193 171
169 160
51 94
38 149
163 62
2 68
62 187
191 35
163 43
120 113
70 201
195 22
198 204
108 113
117 163
130 52
6 45
22 191
101 184
61 146
38 211
188 109
74 2
100 36
159 206
141 15
115 126
133 30
53 12
6 106
170 114
93 46
106 193
137 5
17 121
41 152
136 103
72 149
27 157
1 107
114 9
207 187
95 77
135 152
114 37
128 21
164 92
78 183
149 61
5 90
51 130
86 82
108 42
90 163
137 5
78 93
144 48
17 133
94 167
177 66
219 189
177 103
128 156
215 59
132 29
172 4
180 107
54 46
155 194
9 21
186 150
47 34
156 51
72 67
20 60
110 201
32 8
36 22
47 211
49 40
10 55
65 157
148 172
221 80
64 94
39 56
24 40
4 47
123 220
205 163
93 129
74 147
84 110
211 158
219 36
208 217
27 177
4 132
214 107
107 26
116 31
162 211
208 117
105 127
37 178
26 106
74 214
195 202
89 2
114 26
208 67
118 161
111 11
1 71
1 165
6 168
178 71
194 48
115 9
165 18
200 51
33 215
126 123
189 63
24 162
213 65
173 192
125 141
166 174
39 81
182 198
82 47
24 166
118 86
103 25
57 35
126 216
133 39
4 179
157 134
95 134
114 215
174 30
101 24
3 182
150 211
130 170
38 106
51 102
107 207
41 125
39 76
30 11
130 27
123 138
168 1
24 169
140 110
116 86
136 152
142 58
93 219
67 18
116 148
195 115
166 111
67 68
118 107
201 169
65 15
121 1
208 210
157 133
9 10
83 112
43 124
161 120
39 52
59 23
217 68
41 76
190 105
156 119
218 123
21 127
17 160
214 76
12 194
44 110
208 135
172 199
187 156
103 54
70 68
185 80
155 80
51 169
125 161
136 191
201 196
215 48
135 205
120 5
90 176
55 85
27 125
101 4
43 143
76 97
54 40
201 61
51 123
169 160
81 14
6 190
43 20
189 171
186 124
50 216
118 167
210 85
65 136
214 178
28 9
203 219
125 200
43 202
221 38
101 57
168 13
146 125
49 186
195 118
15 61
85 35
156 56
205 146
85 142
31 112
30 149
111 97
169 10
75 91
169 170
94 205
162 213
82 74
24 77
191 189
132 101
70 199
70 150
144 186
125 197
169 96
132 20
3 90
42 103
94 58
118 25
183 123
28 192
51 83
158 196
175 129
44 15
106 152
144 32
82 208
107 125
65 213
77 90
6 159
214 204
124 222
216 45
86 174
152 87
101 159
197 198
73 181
150 4
118 76
184 130
169 167
177 110
163 27
168 88
43 127
36 160
154 155
95 32
111 10
217 24
159 30
216 81
75 118
91 159
69 3
158 114
184 175
147 121
92 15
144 214
210 73
137 73
65 67
204 136
1 160
159 95
134 210
150 19
157 150
151 195
101 176
126 96
104 130
129 168
153 25
137 76
171 133
88 101
93 92
38 57
88 114
215 53
141 128
131 164
36 144
23 43
34 67
189 57
123 205
43 151
55 173
106 4
214 58
184 6
199 138
9 217
139 83
9 63
173 150
172 142
103 139
125 184
116 109
151 16
75 184
165 177
12 207
68 125
87 117
130 76
1 198
110 72
65 88
2 80
146 109
11 130
120 168
95 20
196 34
144 65
178 159
77 44
6 186
90 197
184 170
106 161
20 67
29 93
129 60
63 76
74 209
104 155
147 146
69 129
156 161
157 145
68 23
51 212
57 128
44 55
222 134
36 209
31 103
60 56
189 105
36 136
120 178
129 50
52 16
93 24
2 165
181 169
13 176
82 63
141 201
109 24
117 177
153 6
78 162
166 164
108 16
177 154
215 106
149 171
112 20
222 166
121 203
172 199
12 8
164 60
191 181
124 12
57 150
154 43
132 85
25 24
214 22
104 41
126 53
87 7
198 138
23 204
67 83
10 103
104 184
177 80
96 31
41 28
205 116
183 174
8 60
179 216
9 39
69 92
32 28
118 92
187 114
105 36
29 61
149 196
90 37
133 213
148 106
86 101
186 210
105 119
92 202
84 197
94 206
158 116
170 133
218 163
86 123
87 62
31 68
209 78
145 94
24 92
93 60
66 90
136 206
142 114
82 2
56 198
218 78
11 210
44 145
189 206
79 121
210 93
89 47
87 137
94 219
86 60
24 77
152 178
176 91
44 213
169 106
100 77
29 135
182 138
62 4
205 136
112 188
68 189
119 33
128 70
192 14
162 127
158 1
148 55
188 33
85 32
76 90
27 143
141 41
29 94
52 217
35 211
59 190
199 49
182 25
80 220
147 49
124 112
192 91
49 106
38 80
12 192
181 97
66 137
3 157
21 162
168 221
154 40
57 107
82 101
219 196
6 91
20 59
34 69
37 77
158 94
190 58
151 41
176 210
106 43
26 33
203 201
155 167
27 201
172 194
144 88
97 32
45 204
45 92
122 137
109 75
192 206
89 143
104 50
133 12
38 140
130 153
41 207
161 104
147 167
64 188
221 137
85 218
171 136
50 157
171 131
9 195
30 9
1 28
142 86
184 174
82 87
30 166
194 160
179 21
143 6
46 64
179 102
186 169
47 59
216 13
99 49
122 7
222 190
117 93
31 129
173 141
151 51
197 44
35 148
47 52
174 204
107 171
185 22
81 204
167 198
31 20
76 168
73 142
30 175
142 49
90 143
12 48
187 25
118 185
52 44
172 129
3 10
31 90
183 71
187 70
28 81
5 192
72 218
104 56
82 103
19 181
81 157
36 132
14 98
44 176
176 9
219 49
120 40
166 89
62 157
179 185
69 6
75 154
198 189
2 67
143 214
2 105
157 66
182 157
184 132
9 164
193 51
67 47
117 62
119 71
97 129
169 220
139 173
72 67
30 131
205 195
168 84
115 191
102 68
89 23
183 66
66 34
86 20
130 29
35 168
155 190
169 205
135 33
116 37
13 77
36 78
104 174
219 26
190 154
36 83
134 116
57 115
166 18
139 45
165 154
131 57
21 31
104 213
67 25
185 118
148 207
127 201
161 200
3 183
190 113
22 197
148 169
14 140
189 177
109 49
199 204
78 93
84 56
174 164
169 21
164 30
154 110
69 48
126 219
106 154
6 67
65 91
142 8
152 206
55 130
165 68
95 200
190 72
171 172
171 215
36 61
89 157
138 117
215 76
40 152
90 131
148 220
221 99
27 158
118 86
58 47
86 146
127 76
192 66
94 96
111 157
33 26
88 210
80 179
49 153
123 140
14 9
197 68
156 42
117 98
200 179
143 140
153 169
183 161
193 215
117 91
177 139
92 113
107 44
112 81
32 8
217 117
72 182
79 99
206 128
125 64
45 132
15 9
198 88
85 18
116 19
187 177
158 82
123 103
185 136
15 154
146 4
65 129
126 177
205 160
171 66
222 61
75 38
33 198
48 138
140 171
148 151
151 33
174 95
82 69
132 1
138 64
206 48
117 20
169 5
135 179
186 218
59 163
157 15
176 193
200 201
220 69
123 23
118 25
178 172
19 124
60 213
68 203
194 130
200 153
64 65
138 126
219 153
59 124
207 164
107 11
62 91
73 45
203 206
96 221
123 68
219 222
222 209
67 180
89 206
145 35
217 201
188 28
11 78
91 117
89 16
163 67
76 10
205 127
128 204
1 147
40 73
199 139
62 1
158 26
200 46
138 162
41 213
188 12
136 167
44 204
106 134
109 89
114 221
79 145
1 16
141 13
46 125
101 151
189 216
160 80
112 130
146 140
217 130
51 161
220 93
146 17
88 52
118 212
57 83
67 188
65 173
64 132
57 203
191 205
100 154
202 122
79 68
101 118
181 83
99 18
57 60
144 125
116 192
5 182
198 155
184 195
29 159
216 97
45 71
134 216
10 71
97 144
43 53
105 58
87 175
46 84
20 166
178 103
72 152
160 53
127 202
97 155
42 75
59 164
94 47
109 12
137 6
200 11
113 58
85 194
2 188
37 200
67 19
45 207
197 38
11 150
168 196
210 178
93 5
90 25
61 215
165 15
191 128
203 47
64 65
116 208
21 156
68 84
10 37
26 49
202 53
217 190
101 208
73 91
109 5
130 69
78 160
64 20
22 189
39 36
2 198
63 172
156 205
222 127
26 181
135 8
187 177
174 170
190 127
7 60
208 175
199 92
166 120
184 88
10 184
209 164
196 154
26 95
78 219
211 156
203 98
64 114
143 12
13 91
100 111
170 93
65 56
56 98
123 94
144 99
57 29
195 96
191 156
173 206
19 8
177 35
71 64
130 114
132 105
183 83
118 208
15 9
129 101
170 30
215 76
12 57
115 58
76 151
201 170
71 143
148 23
156 122
109 46
217 147
30 193
115 114
218 4
59 157
153 90
12 15
207 219
156 83
61 212
83 88
72 152
135 35
24 123
36 143
92 208
109 126
153 42
171 104
203 66
140 10
141 33
75 105
87 63
111 172
204 116
41 160
70 189
68 75
148 50
216 157
217 7
160 52
86 155
140 106
100 115
164 30
35 20
193 109
118 210
72 84
220 45
38 144
205 39
31 74
101 21
188 37
200 174
37 165
176 16
45 55
47 160
15 22
3 134
17 116
169 40
216 122
170 143
5 51
208 190
167 87
217 50
153 126
178 167
11 81
60 129
205 46
37 67
70 111
151 159
75 101
109 5
119 164
83 180
114 213
201 80
164 43
211 1
17 202
199 51
164 211
103 180
221 108
205 136
18 201
1 28
42 87
31 119
150 157
183 126
209 218
23 56
48 130
191 49
173 43
173 50
88 71
222 125
124 23
39 126
119 118
103 130
80 86
105 15
188 145
110 133
174 118
204 99
89 144
35 181
161 162
3 31
35 181
195 97
131 128
86 12
87 98
33 39
26 220
30 41
180 160
222 102
78 94
57 8
114 182
15 191
145 71
213 197
205 161
158 79
211 172
2 86
94 28
194 66
182 3
196 164
30 108
155 177
23 84
78 141
83 125
6 174
196 198
201 42
119 122
49 11
160 88
108 60
46 87
134 81
19 112
101 160
155 163
208 214
128 59
134 147
15 189
53 94
138 111
63 113
62 121
168 186
139 165
52 53
54 48
1 55
108 170
191 136
37 141
125 22
219 147
216 11
87 150
165 143
10 95
119 34
81 155
119 82
49 71
207 89
108 151
6 3
146 32
17 8
144 78
34 48
15 6
213 210
68 100
109 120
51 98
154 202
202 95
1 84
80 156
55 12
176 112
17 216
29 99
129 131
98 88
92 169
91 48
203 219
18 195
169 139
213 82
175 139
51 61
84 127
16 206
214 158
127 57
213 146
118 179
185 110
112 150
149 13
28 73
148 137
9 161
186 120
90 70
135 130
184 95
73 105
213 35
21 28
99 185
44 181
200 65
123 37
189 51
49 105
60 137
123 143
14 215
196 60
75 181
38 79
110 179
67 112
29 183
125 71
11 143
210 117
180 134
14 36
13 30
141 103
183 158
91 92
185 31
118 1
43 77
219 97
19 217
47 91
93 165
215 165
193 220
157 74
93 79
152 49
61 30
210 41
154 78
93 27
185 172
122 10
210 194
177 5
2 110
78 34
19 169
101 148
142 205
196 77
95 139
219 112
64 6
99 120
160 147
170 152
23 150
183 43
30 104
192 30
188 94
86 14
96 4
197 209
127 2
185 177
48 159
171 79
21 161
203 1
150 3
4 170
167 35
189 81
193 148
120 90
27 198
214 96
181 214
112 165
175 154
153 122
189 17
128 78
112 146
83 39
57 185
100 159
119 45
52 150
203 182
207 77
7 26
106 52
4 119
90 21
215 110
178 187
125 98
154 70
159 50
186 172
214 27
136 185
152 174
46 149
106 1
117 20
126 1
13 77
30 82
182 161
76 28
199 75
6 190
147 66
87 98
207 41
81 201
5 128
97 118
84 220
211 102
114 155
150 73
77 220
129 177
127 85
45 87
128 206
21 118
82 162
82 18
148 127
153 78
20 38
29 155
184 112
1 94
26 186
183 81
211 161
203 84
140 202
87 146
179 109
177 16
76 44
63 129
60 120
193 74
71 129
193 133
199 78
90 108
62 9
15 127
78 70
146 104
179 171
68 85
145 68
